0 72 86 0 67 36 3 80 87 59 17
52 57 85 14 68 90 9 49 28 57 52
9 27 48 0 68 14 61 50 76 7 38
48 25 84 38 0 85 51 50 30 69 91
33 12 71 67 97 59 15 76 71 33 77
9 39 33 37 42 22 100 73 20 43 49
91 49 20 36 79 80 22 76 22 41 59
35 66 88 46 54 5 1 22 71 23 86
95 56 99 94 74 74 64 19 74 93 7
28 82 68 84 26 59 33 38 31 48 3
95 6 77 5 29 44 41 29 97 18 15
82 55 23 17 52 34 38 77 0 71 68
21 74 1 87 87 13 52 93 96 78 57
52 74 96 80 69 30 93 40 67 87 82
58 36 45 98 42 60 18 89 9 74 49
90 79 86 60 1 82 0 76 70 30 60
60 92 41 50 45 57 98 40 26 16 21
84 36 40 39 3 90 48 29 35 78 6
25 15 63 41 89 97 20 0 70 68 27
35 14 45 56 47 80 44 92 87 1 57
74 61 96 79 12 9 48 57 100 93 88
75 1 65 49 70 99 70 94 86 75 87
19 34 57 86 91 84 30 90 85 32 27
45 20 11 20 81 38 60 17 41 37 15
25 42 9 5 56 21 71 10 12 97 41
50 45 42 9 51 94 44 19 80 38 67
79 27 25 86 87 74 92 58 59 91 96
42 6 41 31 59 61 71 39 84 99 23
73 33 67 94 51 14 11 18 9 68 67
70 81 27 100 7 100 4 16 21 86 28
18 9 64 23 28 38 93 65 85 42 56
78 28 2 65 55 92 19 42 29 0 86
51 90 71 6 47 8 34 45 93 94 1
5 83 2 24 17 60 22 28 68 91 100
32 91 90 16 67 72 80 15 80 34 75
58 68 74 99 90 39 81 77 59 60 17
17 9 72 66 67 50 36 81 0 9 82
66 78 6 46 96 24 82 85 48 41 68
61 29 77 100 42 60 56 52 91 63 53
27 4 56 11 54 48 61 47 21 60 18
43 50 89 27 29 58 60 29 11 79 45
82 75 87 75 51 62 79 26 63 1 80
12 18 64 2 9 41 91 28 30 0 88
31 33 33 91 17 25 40 83 62 2 80
93 79 34 61 28 37 36 76 78 98 22
20 43 94 28 66 4 100 93 29 42 28
24 24 0 46 54 55 76 94 60 45 94
38 63 10 72 58 18 44 82 99 56 2
35 50 90 13 29 30 25 6 50 81 59
20 89 89 27 33 97 1 72 29 65 76
39 43 59 88 93 63 64 52 38 35 92
81 83 73 29 30 10 79 71 7 56 22
13 61 27 76 46 52 45 45 99 87 43
53 88 94 4 63 74 58 99 79 41 34
58 0 42 26 34 9 95 65 9 31 47
18 74 46 78 14 89 69 74 29 65 7
1 66 29 30 22 68 65 56 8 19 45
81 59 85 95 35 79 16 77 77 25 68
13 98 75 38 59 59 63 12 18 79 41
67 14 18 15 35 16 29 10 6 60 40
55 59 28 79 0 71 66 81 43 96 36
75 89 85 85 91 49 27 44 23 96 82
10 71 84 84 39 42 21 74 19 73 14
96 31 98 24 75 0 57 52 46 15 6
76 69 56 66 82 22 33 90 32 86 62
2 96 12 78 3 12 51 97 32 80 41
23 87 5 54 12 48 81 49 93 87 20
37 72 3 83 9 21 36 55 99 31 65
94 78 42 85 98 95 96 35 62 100 64
43 7 14 92 37 26 64 73 78 2 69
21 84 52 36 58 88 20 17 50 58 5
46 67 33 82 26 100 43 27 43 19 43
36 45 96 31 17 99 58 86 21 21 73
93 2 96 87 82 55 16 49 26 72 31
71 83 19 82 51 52 7 50 86 18 29
74 58 88 85 3 9 0 27 99 9 21
10 1 76 83 98 71 54 53 16 39 10
41 37 35 16 32 58 8 29 36 71 35
89 72 86 11 2 84 65 13 7 30 51
58 13 25 44 94 26 42 11 28 13 19
60 43 51 92 54 59 21 0 81 61 67
41 81 0 33 28 78 37 64 66 15 60
17 50 68 97 100 26 42 13 76 20 8
59 72 43 83 93 95 78 9 99 50 63
57 82 20 57 8 96 34 18 55 38 53
15 1 75 99 71 20 8 84 84 94 59
85 10 40 34 12 2 30 84 23 78 56
66 95 24 53 99 89 10 65 54 100 48
74 59 37 34 17 1 29 42 26 25 49
71 73 94 84 29 92 53 55 36 74 33
38 100 92 39 100 65 83 78 62 1 54
79 63 95 25 33 92 21 62 68 6 35
21 2 11 38 87 37 18 61 60 38 18
97 73 2 77 64 72 74 47 24 31 73
31 22 3 70 100 89 64 64 98 26 71
88 6 66 44 4 7 85 89 65 51 89
52 30 100 99 38 50 43 55 28 4 78
19 87 100 17 16 88 35 97 56 93 14
13 36 75 0 78 28 17 81 17 98 56
17 13 44 86 41 26 28 47 64 50 57
